proc, id, total_ids, type,  start, end, rank, comm, operation, rts_send, rts_recv, cts_send, cts_recv, fin_send, fin_recv
0,0,0,1,1625279565883555,1625279565887397,3,1140850688,2,0,1625279565883645,0,0,1625279565887386,0
0,1,0,0,1625279565883569,1625279565889175,1,1140850688,3,1625279565883603,0,0,0,0,1625279565889152
0,2,0,1,1625279565884074,1625279565888756,3,1140850688,2,0,1625279565886863,0,0,1625279565888752,0
0,3,0,0,1625279565887407,1625279565894361,1,1140850688,3,1625279565887414,0,0,0,0,1625279565894360
0,4,0,1,1625279565889179,1625279565893711,3,1140850688,2,0,1625279565891837,0,0,1625279565893707,0
0,5,0,0,1625279565889181,1625279565899126,1,1140850688,3,1625279565889188,0,0,0,0,1625279565899124
0,6,0,1,1625279565901529,1625279565904117,3,1140850688,2,0,1625279565902006,0,0,1625279565904113,0
0,7,0,0,1625279565901530,1625279565906275,1,1140850688,3,1625279565901538,0,0,0,0,1625279565906273
0,8,0,1,1625279565901543,1625279565908807,3,1140850688,2,0,1625279565907184,0,0,1625279565908804,0
0,9,0,0,1625279565904121,1625279565910968,1,1140850688,3,1625279565904128,0,0,0,0,1625279565910967
0,10,0,1,1625279565906297,1625279565917624,3,1140850688,2,0,1625279565915925,0,0,1625279565917620,0
0,11,0,0,1625279565908810,1625279565915571,1,1140850688,3,1625279565908832,0,0,0,0,1625279565915570
0,12,0,1,1625279565917667,1625279565919512,3,1140850688,2,0,1625279565917697,0,0,1625279565919510,0
0,13,0,0,1625279565917668,1625279565922195,1,1140850688,3,1625279565917675,0,0,0,0,1625279565922194
0,14,0,1,1625279565917680,1625279565924075,3,1140850688,2,0,1625279565922419,0,0,1625279565924072,0
0,15,0,0,1625279565919514,1625279565926696,1,1140850688,3,1625279565919519,0,0,0,0,1625279565926678
0,16,0,1,1625279565922216,1625279565932968,3,1140850688,2,0,1625279565931216,0,0,1625279565932964,0
0,17,0,0,1625279565924077,1625279565931211,1,1140850688,3,1625279565924082,0,0,0,0,1625279565931193
0,18,0,1,1625279565932989,1625279565934773,3,1140850688,2,0,1625279565933005,0,0,1625279565934771,0
0,19,0,0,1625279565932990,1625279565937471,1,1140850688,3,1625279565932997,0,0,0,0,1625279565937470
0,20,0,1,1625279565933002,1625279565939505,3,1140850688,2,0,1625279565937810,0,0,1625279565939501,0
0,21,0,0,1625279565934776,1625279565941961,1,1140850688,3,1625279565934781,0,0,0,0,1625279565941959
0,22,0,1,1625279565937491,1625279565948506,3,1140850688,2,0,1625279565946664,0,0,1625279565948501,0
0,23,0,0,1625279565939509,1625279565946533,1,1140850688,3,1625279565939514,0,0,0,0,1625279565946531
0,24,0,1,1625279565948528,1625279565950262,3,1140850688,2,0,1625279565948545,0,0,1625279565950259,0
0,25,0,0,1625279565948530,1625279565952985,1,1140850688,3,1625279565948537,0,0,0,0,1625279565952984
0,26,0,1,1625279565948543,1625279565954951,3,1140850688,2,0,1625279565953229,0,0,1625279565954947,0
0,27,0,0,1625279565950264,1625279565957458,1,1140850688,3,1625279565950268,0,0,0,0,1625279565957457
0,28,0,1,1625279565953005,1625279565963843,3,1140850688,2,0,1625279565962026,0,0,1625279565963839,0
0,29,0,0,1625279565954954,1625279565961959,1,1140850688,3,1625279565954959,0,0,0,0,1625279565961957
0,30,0,1,1625279565963866,1625279565965597,3,1140850688,2,0,1625279565963889,0,0,1625279565965595,0
0,31,0,0,1625279565963867,1625279565968293,1,1140850688,3,1625279565963875,0,0,0,0,1625279565968292
0,32,0,1,1625279565963880,1625279565970291,3,1140850688,2,0,1625279565968624,0,0,1625279565970288,0
0,33,0,0,1625279565965600,1625279565972820,1,1140850688,3,1625279565965605,0,0,0,0,1625279565972819
0,34,0,1,1625279565968312,1625279565979093,3,1140850688,2,0,1625279565977390,0,0,1625279565979089,0
0,35,0,0,1625279565970294,1625279565977385,1,1140850688,3,1625279565970299,0,0,0,0,1625279565977367
0,36,0,1,1625279565979115,1625279565980860,3,1140850688,2,0,1625279565979131,0,0,1625279565980840,0
0,37,0,0,1625279565979116,1625279565983589,1,1140850688,3,1625279565979123,0,0,0,0,1625279565983588
0,38,0,1,1625279565979128,1625279565985407,3,1140850688,2,0,1625279565983795,0,0,1625279565985404,0
0,39,0,0,1625279565980863,1625279565988088,1,1140850688,3,1625279565980868,0,0,0,0,1625279565988069
0,40,0,1,1625279565983592,1625279565994180,3,1140850688,2,0,1625279565992481,0,0,1625279565994177,0
0,41,0,0,1625279565985410,1625279565992751,1,1140850688,3,1625279565985415,0,0,0,0,1625279565992749
0,42,0,1,1625279565994550,1625279565996288,3,1140850688,2,0,1625279565994567,0,0,1625279565996286,0
0,43,0,0,1625279565994551,1625279565999008,1,1140850688,3,1625279565994558,0,0,0,0,1625279565999007
0,44,0,1,1625279565994563,1625279566000919,3,1140850688,2,0,1625279565999166,0,0,1625279566000916,0
0,45,0,0,1625279565996291,1625279566003481,1,1140850688,3,1625279565996296,0,0,0,0,1625279566003479
0,46,0,1,1625279565999027,1625279566009874,3,1140850688,2,0,1625279566008120,0,0,1625279566009871,0
0,47,0,0,1625279566000922,1625279566008115,1,1140850688,3,1625279566000927,0,0,0,0,1625279566008094
0,48,0,1,1625279566009924,1625279566011642,3,1140850688,2,0,1625279566009942,0,0,1625279566011640,0
0,49,0,0,1625279566009926,1625279566014524,1,1140850688,3,1625279566009933,0,0,0,0,1625279566014522
0,50,0,1,1625279566009938,1625279566016366,3,1140850688,2,0,1625279566014641,0,0,1625279566016364,0
0,51,0,0,1625279566011644,1625279566019132,1,1140850688,3,1625279566011664,0,0,0,0,1625279566019130
0,52,0,1,1625279566014543,1625279566025158,3,1140850688,2,0,1625279566023489,0,0,1625279566025155,0
0,53,0,0,1625279566016369,1625279566023712,1,1140850688,3,1625279566016374,0,0,0,0,1625279566023711
0,54,0,1,1625279566025285,1625279566026942,3,1140850688,2,0,1625279566025316,0,0,1625279566026940,0
0,55,0,0,1625279566025286,1625279566029680,1,1140850688,3,1625279566025294,0,0,0,0,1625279566029678
0,56,0,1,1625279566025299,1625279566031599,3,1140850688,2,0,1625279566029900,0,0,1625279566031595,0
0,57,0,0,1625279566026945,1625279566034237,1,1140850688,3,1625279566026950,0,0,0,0,1625279566034218
0,58,0,1,1625279566029699,1625279566040339,3,1140850688,2,0,1625279566038640,0,0,1625279566040335,0
0,59,0,0,1625279566031602,1625279566038800,1,1140850688,3,1625279566031607,0,0,0,0,1625279566038799
0,60,0,1,1625279566040430,1625279566042191,3,1140850688,2,0,1625279566040461,0,0,1625279566042189,0
0,61,0,0,1625279566040431,1625279566044900,1,1140850688,3,1625279566040439,0,0,0,0,1625279566044899
0,62,0,1,1625279566040444,1625279566046848,3,1140850688,2,0,1625279566045175,0,0,1625279566046844,0
0,63,0,0,1625279566042194,1625279566049393,1,1140850688,3,1625279566042198,0,0,0,0,1625279566049374
0,64,0,1,1625279566044920,1625279566055691,3,1140850688,2,0,1625279566053970,0,0,1625279566055688,0
0,65,0,0,1625279566046850,1625279566053965,1,1140850688,3,1625279566046856,0,0,0,0,1625279566053947
1,0,0,1,1625279565883938,1625279565889149,0,1140850688,2,0,1625279565884299,0,0,1625279565889126,0
1,1,0,0,1625279565883945,1625279565894438,2,1140850688,3,1625279565884275,0,0,0,0,1625279565894414
1,2,0,1,1625279565889195,1625279565894357,0,1140850688,2,0,1625279565889617,0,0,1625279565894354,0
1,3,0,0,1625279565889226,1625279565899549,2,1140850688,3,1625279565889593,0,0,0,0,1625279565899547
1,4,0,1,1625279565894442,1625279565899104,0,1140850688,2,0,1625279565894461,0,0,1625279565899102,0
1,5,0,0,1625279565899128,1625279565901487,2,1140850688,3,1625279565899536,0,0,0,0,1625279565901485
1,6,0,1,1625279565901528,1625279565906270,0,1140850688,2,0,1625279565901829,0,0,1625279565906268,0
1,7,0,0,1625279565901529,1625279565911007,2,1140850688,3,1625279565901822,0,0,0,0,1625279565911006
1,8,0,1,1625279565906323,1625279565910963,0,1140850688,2,0,1625279565906338,0,0,1625279565910961,0
1,9,0,0,1625279565906325,1625279565915603,2,1140850688,3,1625279565906332,0,0,0,0,1625279565915602
1,10,0,1,1625279565911010,1625279565915548,0,1140850688,2,0,1625279565911010,0,0,1625279565915546,0
1,11,0,0,1625279565915570,1625279565917237,2,1140850688,3,1625279565915579,0,0,0,0,1625279565917236
1,12,0,1,1625279565917667,1625279565922190,0,1140850688,2,0,1625279565917683,0,0,1625279565922189,0
1,13,0,0,1625279565917668,1625279565926716,2,1140850688,3,1625279565917676,0,0,0,0,1625279565926715
1,14,0,1,1625279565922221,1625279565926674,0,1140850688,2,0,1625279565922242,0,0,1625279565926672,0
1,15,0,0,1625279565922223,1625279565931231,2,1140850688,3,1625279565922230,0,0,0,0,1625279565931229
1,16,0,1,1625279565926719,1625279565931188,0,1140850688,2,0,1625279565926719,0,0,1625279565931186,0
1,17,0,0,1625279565931193,1625279565932956,2,1140850688,3,1625279565931220,0,0,0,0,1625279565932955
1,18,0,1,1625279565932990,1625279565937467,0,1140850688,2,0,1625279565933006,0,0,1625279565937464,0
1,19,0,0,1625279565932990,1625279565941998,2,1140850688,3,1625279565932999,0,0,0,0,1625279565941996
1,20,0,1,1625279565937496,1625279565941955,0,1140850688,2,0,1625279565937512,0,0,1625279565941953,0
1,21,0,0,1625279565937498,1625279565946568,2,1140850688,3,1625279565937505,0,0,0,0,1625279565946566
1,22,0,1,1625279565942000,1625279565946526,0,1140850688,2,0,1625279565942000,0,0,1625279565946524,0
1,23,0,0,1625279565946531,1625279565948217,2,1140850688,3,1625279565946557,0,0,0,0,1625279565948216
1,24,0,1,1625279565948529,1625279565952981,0,1140850688,2,0,1625279565948544,0,0,1625279565952979,0
1,25,0,0,1625279565948529,1625279565957497,2,1140850688,3,1625279565948538,0,0,0,0,1625279565957496
1,26,0,1,1625279565953011,1625279565957453,0,1140850688,2,0,1625279565953026,0,0,1625279565957451,0
1,27,0,0,1625279565953013,1625279565961976,2,1140850688,3,1625279565953019,0,0,0,0,1625279565961974
1,28,0,1,1625279565957500,1625279565961934,0,1140850688,2,0,1625279565957500,0,0,1625279565961932,0
1,29,0,0,1625279565961939,1625279565963587,2,1140850688,3,1625279565961965,0,0,0,0,1625279565963586
1,30,0,1,1625279565963866,1625279565968289,0,1140850688,2,0,1625279565963883,0,0,1625279565968286,0
1,31,0,0,1625279565963867,1625279565972858,2,1140850688,3,1625279565963877,0,0,0,0,1625279565972857
1,32,0,1,1625279565968317,1625279565972815,0,1140850688,2,0,1625279565968350,0,0,1625279565972813,0
1,33,0,0,1625279565968319,1625279565977405,2,1140850688,3,1625279565968344,0,0,0,0,1625279565977403
1,34,0,1,1625279565972862,1625279565977362,0,1140850688,2,0,1625279565972862,0,0,1625279565977360,0
1,35,0,0,1625279565977367,1625279565979057,2,1140850688,3,1625279565977393,0,0,0,0,1625279565979055
1,36,0,1,1625279565979115,1625279565983569,0,1140850688,2,0,1625279565979130,0,0,1625279565983567,0
1,37,0,0,1625279565979116,1625279565988108,2,1140850688,3,1625279565979124,0,0,0,0,1625279565988106
1,38,0,1,1625279565983613,1625279565988065,0,1140850688,2,0,1625279565983628,0,0,1625279565988063,0
1,39,0,0,1625279565983615,1625279565992770,2,1140850688,3,1625279565983621,0,0,0,0,1625279565992768
1,40,0,1,1625279565988126,1625279565992746,0,1140850688,2,0,1625279565988126,0,0,1625279565992744,0
1,41,0,0,1625279565992751,1625279565994517,2,1140850688,3,1625279565992760,0,0,0,0,1625279565994516
1,42,0,1,1625279565994550,1625279565999003,0,1140850688,2,0,1625279565994567,0,0,1625279565999001,0
1,43,0,0,1625279565994551,1625279566003518,2,1140850688,3,1625279565994560,0,0,0,0,1625279566003517
1,44,0,1,1625279565999032,1625279566003475,0,1140850688,2,0,1625279565999047,0,0,1625279566003473,0
1,45,0,0,1625279565999034,1625279566008149,2,1140850688,3,1625279565999041,0,0,0,0,1625279566008147
1,46,0,1,1625279566003521,1625279566008090,0,1140850688,2,0,1625279566003522,0,0,1625279566008088,0
1,47,0,0,1625279566008114,1625279566009866,2,1140850688,3,1625279566008139,0,0,0,0,1625279566009865
1,48,0,1,1625279566009924,1625279566014519,0,1140850688,2,0,1625279566009941,0,0,1625279566014516,0
1,49,0,0,1625279566009925,1625279566019167,2,1140850688,3,1625279566009935,0,0,0,0,1625279566019166
1,50,0,1,1625279566014548,1625279566019126,0,1140850688,2,0,1625279566014563,0,0,1625279566019124,0
1,51,0,0,1625279566014550,1625279566023732,2,1140850688,3,1625279566014556,0,0,0,0,1625279566023731
1,52,0,1,1625279566019170,1625279566023708,0,1140850688,2,0,1625279566019170,0,0,1625279566023705,0
1,53,0,0,1625279566023712,1625279566025264,2,1140850688,3,1625279566023722,0,0,0,0,1625279566025263
1,54,0,1,1625279566025285,1625279566029675,0,1140850688,2,0,1625279566025302,0,0,1625279566029673,0
1,55,0,0,1625279566025286,1625279566034257,2,1140850688,3,1625279566025296,0,0,0,0,1625279566034255
1,56,0,1,1625279566029704,1625279566034214,0,1140850688,2,0,1625279566029718,0,0,1625279566034212,0
1,57,0,0,1625279566029706,1625279566038820,2,1140850688,3,1625279566029712,0,0,0,0,1625279566038818
1,58,0,1,1625279566034260,1625279566038795,0,1140850688,2,0,1625279566034260,0,0,1625279566038793,0
1,59,0,0,1625279566038800,1625279566040399,2,1140850688,3,1625279566038809,0,0,0,0,1625279566040397
1,60,0,1,1625279566040430,1625279566044895,0,1140850688,2,0,1625279566040446,0,0,1625279566044893,0
1,61,0,0,1625279566040431,1625279566049413,2,1140850688,3,1625279566040440,0,0,0,0,1625279566049411
1,62,0,1,1625279566044923,1625279566049370,0,1140850688,2,0,1625279566044939,0,0,1625279566049368,0
1,63,0,0,1625279566044925,1625279566053983,2,1140850688,3,1625279566044932,0,0,0,0,1625279566053981
1,64,0,1,1625279566049416,1625279566053942,0,1140850688,2,0,1625279566049417,0,0,1625279566053940,0
1,65,0,0,1625279566053946,1625279566055763,2,1140850688,3,1625279566053971,0,0,0,0,1625279566055762
2,0,0,1,1625279565880963,1625279565886681,1,1140850688,2,0,1625279565884320,0,0,1625279565886670,0
2,1,0,0,1625279565880972,1625279565885962,3,1140850688,3,1625279565881002,0,0,0,0,1625279565885955
2,2,0,1,1625279565881030,1625279565891556,1,1140850688,2,0,1625279565889622,0,0,1625279565891551,0
2,3,0,0,1625279565886691,1625279565891463,3,1140850688,3,1625279565886699,0,0,0,0,1625279565891461
2,4,0,1,1625279565886708,1625279565901486,1,1140850688,2,0,1625279565899549,0,0,1625279565901482,0
2,5,0,0,1625279565891562,1625279565896092,3,1140850688,3,1625279565891568,0,0,0,0,1625279565896074
2,6,0,1,1625279565901531,1625279565904034,1,1140850688,2,0,1625279565901846,0,0,1625279565904031,0
2,7,0,0,1625279565901533,1625279565907150,3,1140850688,3,1625279565901540,0,0,0,0,1625279565907149
2,8,0,1,1625279565901546,1625279565907919,1,1140850688,2,0,1625279565906344,0,0,1625279565907916,0
2,9,0,0,1625279565904038,1625279565911595,3,1140850688,3,1625279565904060,0,0,0,0,1625279565911593
2,10,0,1,1625279565907153,1625279565917222,1,1140850688,2,0,1625279565915597,0,0,1625279565917218,0
2,11,0,0,1625279565907921,1625279565915908,3,1140850688,3,1625279565907944,0,0,0,0,1625279565915906
2,12,0,1,1625279565917669,1625279565919269,1,1140850688,2,0,1625279565917698,0,0,1625279565919266,0
2,13,0,0,1625279565917686,1625279565922386,3,1140850688,3,1625279565917693,0,0,0,0,1625279565922384
2,14,0,1,1625279565917711,1625279565923839,1,1140850688,2,0,1625279565922242,0,0,1625279565923836,0
2,15,0,0,1625279565919271,1625279565926945,3,1140850688,3,1625279565919276,0,0,0,0,1625279565926943
2,16,0,1,1625279565922405,1625279565932953,1,1140850688,2,0,1625279565931234,0,0,1625279565932949,0
2,17,0,0,1625279565923842,1625279565931184,3,1140850688,3,1625279565923863,0,0,0,0,1625279565931182
2,18,0,1,1625279565932993,1625279565934524,1,1140850688,2,0,1625279565933009,0,0,1625279565934522,0
2,19,0,0,1625279565932994,1625279565937796,3,1140850688,3,1625279565933001,0,0,0,0,1625279565937795
2,20,0,1,1625279565933006,1625279565939128,1,1140850688,2,0,1625279565937518,0,0,1625279565939124,0
2,21,0,0,1625279565934526,1625279565942336,3,1140850688,3,1625279565934547,0,0,0,0,1625279565942335
2,22,0,1,1625279565937799,1625279565948212,1,1140850688,2,0,1625279565946572,0,0,1625279565948208,0
2,23,0,0,1625279565939130,1625279565946644,3,1140850688,3,1625279565939152,0,0,0,0,1625279565946643
2,24,0,1,1625279565948533,1625279565950333,1,1140850688,2,0,1625279565948550,0,0,1625279565950331,0
2,25,0,0,1625279565948534,1625279565953215,3,1140850688,3,1625279565948542,0,0,0,0,1625279565953214
2,26,0,1,1625279565948546,1625279565954668,1,1140850688,2,0,1625279565953032,0,0,1625279565954665,0
2,27,0,0,1625279565950336,1625279565957762,3,1140850688,3,1625279565950357,0,0,0,0,1625279565957743
2,28,0,1,1625279565953219,1625279565963584,1,1140850688,2,0,1625279565962003,0,0,1625279565963580,0
2,29,0,0,1625279565954671,1625279565961991,3,1140850688,3,1625279565954693,0,0,0,0,1625279565961972
2,30,0,1,1625279565963877,1625279565965503,1,1140850688,2,0,1625279565963890,0,0,1625279565965500,0
2,31,0,0,1625279565963878,1625279565968610,3,1140850688,3,1625279565963886,0,0,0,0,1625279565968609
2,32,0,1,1625279565963903,1625279565969879,1,1140850688,2,0,1625279565968356,0,0,1625279565969877,0
2,33,0,0,1625279565965505,1625279565973137,3,1140850688,3,1625279565965526,0,0,0,0,1625279565973136
2,34,0,1,1625279565968613,1625279565979053,1,1140850688,2,0,1625279565977405,0,0,1625279565979049,0
2,35,0,0,1625279565969882,1625279565977367,3,1140850688,3,1625279565969904,0,0,0,0,1625279565977365
2,36,0,1,1625279565979118,1625279565980710,1,1140850688,2,0,1625279565979134,0,0,1625279565980708,0
2,37,0,0,1625279565979119,1625279565983765,3,1140850688,3,1625279565979126,0,0,0,0,1625279565983764
2,38,0,1,1625279565979131,1625279565985147,1,1140850688,2,0,1625279565983632,0,0,1625279565985143,0
2,39,0,0,1625279565980712,1625279565988232,3,1140850688,3,1625279565980731,0,0,0,0,1625279565988231
2,40,0,1,1625279565983769,1625279565994515,1,1140850688,2,0,1625279565992786,0,0,1625279565994512,0
2,41,0,0,1625279565985149,1625279565992467,3,1140850688,3,1625279565985155,0,0,0,0,1625279565992465
2,42,0,1,1625279565994553,1625279565996084,1,1140850688,2,0,1625279565994569,0,0,1625279565996082,0
2,43,0,0,1625279565994554,1625279565999135,3,1140850688,3,1625279565994560,0,0,0,0,1625279565999133
2,44,0,1,1625279565994566,1625279566000645,1,1140850688,2,0,1625279565999053,0,0,1625279566000642,0
2,45,0,0,1625279565996086,1625279566003755,3,1140850688,3,1625279565996107,0,0,0,0,1625279566003736
2,46,0,1,1625279565999138,1625279566009864,1,1140850688,2,0,1625279566008152,0,0,1625279566009860,0
2,47,0,0,1625279566000648,1625279566008080,3,1140850688,3,1625279566000669,0,0,0,0,1625279566008079
2,48,0,1,1625279566009928,1625279566011567,1,1140850688,2,0,1625279566009945,0,0,1625279566011565,0
2,49,0,0,1625279566009929,1625279566014617,3,1140850688,3,1625279566009936,0,0,0,0,1625279566014616
2,50,0,1,1625279566009942,1625279566016250,1,1140850688,2,0,1625279566014568,0,0,1625279566016247,0
2,51,0,0,1625279566011570,1625279566019200,3,1140850688,3,1625279566011592,0,0,0,0,1625279566019198
2,52,0,1,1625279566014620,1625279566025263,1,1140850688,2,0,1625279566023750,0,0,1625279566025259,0
2,53,0,0,1625279566016269,1625279566023476,3,1140850688,3,1625279566016274,0,0,0,0,1625279566023474
2,54,0,1,1625279566025287,1625279566026870,1,1140850688,2,0,1625279566025316,0,0,1625279566026867,0
2,55,0,0,1625279566025288,1625279566029886,3,1140850688,3,1625279566025312,0,0,0,0,1625279566029885
2,56,0,1,1625279566025330,1625279566031355,1,1140850688,2,0,1625279566029723,0,0,1625279566031352,0
2,57,0,0,1625279566026872,1625279566034416,3,1140850688,3,1625279566026893,0,0,0,0,1625279566034397
2,58,0,1,1625279566029889,1625279566040398,1,1140850688,2,0,1625279566038823,0,0,1625279566040393,0
2,59,0,0,1625279566031358,1625279566038628,3,1140850688,3,1625279566031380,0,0,0,0,1625279566038626
2,60,0,1,1625279566040433,1625279566042039,1,1140850688,2,0,1625279566040461,0,0,1625279566042036,0
2,61,0,0,1625279566040434,1625279566045161,3,1140850688,3,1625279566040457,0,0,0,0,1625279566045160
2,62,0,1,1625279566040474,1625279566046507,1,1140850688,2,0,1625279566044943,0,0,1625279566046504,0
2,63,0,0,1625279566042041,1625279566049700,3,1140850688,3,1625279566042062,0,0,0,0,1625279566049681
2,64,0,1,1625279566045165,1625279566055762,1,1140850688,2,0,1625279566053984,0,0,1625279566055758,0
2,65,0,0,1625279566046509,1625279566053959,3,1140850688,3,1625279566046530,0,0,0,0,1625279566053954
3,0,0,1,1625279565880551,1625279565885953,2,1140850688,2,0,1625279565881038,0,0,1625279565885944,0
3,1,0,0,1625279565880564,1625279565891475,0,1140850688,3,1625279565881013,0,0,0,0,1625279565891470
3,2,0,1,1625279565885987,1625279565891458,2,1140850688,2,0,1625279565886707,0,0,1625279565891454,0
3,3,0,0,1625279565886020,1625279565896100,0,1140850688,3,1625279565886424,0,0,0,0,1625279565896098
3,4,0,1,1625279565891488,1625279565896070,2,1140850688,2,0,1625279565891853,0,0,1625279565896067,0
3,5,0,0,1625279565891491,1625279565896109,0,1140850688,3,1625279565891830,0,0,0,0,1625279565896108
3,6,0,1,1625279565901532,1625279565907146,2,1140850688,2,0,1625279565902009,0,0,1625279565907127,0
3,7,0,0,1625279565901533,1625279565911631,0,1140850688,3,1625279565901983,0,0,0,0,1625279565911629
3,8,0,1,1625279565907153,1625279565911590,2,1140850688,2,0,1625279565907186,0,0,1625279565911588,0
3,9,0,0,1625279565907156,1625279565915930,0,1140850688,3,1625279565907179,0,0,0,0,1625279565915928
3,10,0,1,1625279565911634,1625279565915903,2,1140850688,2,0,1625279565911637,0,0,1625279565915900,0
3,11,0,0,1625279565915910,1625279565917632,0,1140850688,3,1625279565915918,0,0,0,0,1625279565917630
3,12,0,1,1625279565917669,1625279565922382,2,1140850688,2,0,1625279565917701,0,0,1625279565922378,0
3,13,0,0,1625279565917670,1625279565926981,0,1140850688,3,1625279565917694,0,0,0,0,1625279565926980
3,14,0,1,1625279565922387,1625279565926939,2,1140850688,2,0,1625279565922426,0,0,1625279565926937,0
3,15,0,0,1625279565922405,1625279565931202,0,1140850688,3,1625279565922414,0,0,0,0,1625279565931200
3,16,0,1,1625279565926984,1625279565931176,2,1140850688,2,0,1625279565926985,0,0,1625279565931174,0
3,17,0,0,1625279565931182,1625279565932975,0,1140850688,3,1625279565931191,0,0,0,0,1625279565932974
3,18,0,1,1625279565932993,1625279565937792,2,1140850688,2,0,1625279565933008,0,0,1625279565937789,0
3,19,0,0,1625279565932994,1625279565942369,0,1140850688,3,1625279565933001,0,0,0,0,1625279565942368
3,20,0,1,1625279565937796,1625279565942332,2,1140850688,2,0,1625279565937812,0,0,1625279565942330,0
3,21,0,0,1625279565937799,1625279565946666,0,1140850688,3,1625279565937805,0,0,0,0,1625279565946665
3,22,0,1,1625279565942373,1625279565946640,2,1140850688,2,0,1625279565942373,0,0,1625279565946637,0
3,23,0,0,1625279565946646,1625279565948514,0,1140850688,3,1625279565946656,0,0,0,0,1625279565948513
3,24,0,1,1625279565948533,1625279565953211,2,1140850688,2,0,1625279565948549,0,0,1625279565953209,0
3,25,0,0,1625279565948534,1625279565957776,0,1140850688,3,1625279565948543,0,0,0,0,1625279565957774
3,26,0,1,1625279565953216,1625279565957738,2,1140850688,2,0,1625279565953231,0,0,1625279565957736,0
3,27,0,0,1625279565953218,1625279565962020,0,1140850688,3,1625279565953224,0,0,0,0,1625279565962018
3,28,0,1,1625279565957778,1625279565961967,2,1140850688,2,0,1625279565957779,0,0,1625279565961965,0
3,29,0,0,1625279565961973,1625279565963851,0,1140850688,3,1625279565962008,0,0,0,0,1625279565963850
3,30,0,1,1625279565963876,1625279565968590,2,1140850688,2,0,1625279565963893,0,0,1625279565968587,0
3,31,0,0,1625279565963877,1625279565973170,0,1140850688,3,1625279565963886,0,0,0,0,1625279565973168
3,32,0,1,1625279565968611,1625279565973132,2,1140850688,2,0,1625279565968626,0,0,1625279565973130,0
3,33,0,0,1625279565968613,1625279565977384,0,1140850688,3,1625279565968620,0,0,0,0,1625279565977383
3,34,0,1,1625279565973174,1625279565977343,2,1140850688,2,0,1625279565973174,0,0,1625279565977342,0
3,35,0,0,1625279565977365,1625279565979100,0,1140850688,3,1625279565977374,0,0,0,0,1625279565979098
3,36,0,1,1625279565979117,1625279565983761,2,1140850688,2,0,1625279565979132,0,0,1625279565983758,0
3,37,0,0,1625279565979118,1625279565988265,0,1140850688,3,1625279565979127,0,0,0,0,1625279565988263
3,38,0,1,1625279565983765,1625279565988227,2,1140850688,2,0,1625279565983797,0,0,1625279565988225,0
3,39,0,0,1625279565983767,1625279565992483,0,1140850688,3,1625279565983774,0,0,0,0,1625279565992481
3,40,0,1,1625279565988269,1625279565992442,2,1140850688,2,0,1625279565988270,0,0,1625279565992440,0
3,41,0,0,1625279565992464,1625279565994226,0,1140850688,3,1625279565992472,0,0,0,0,1625279565994225
3,42,0,1,1625279565994553,1625279565999131,2,1140850688,2,0,1625279565994567,0,0,1625279565999128,0
3,43,0,0,1625279565994554,1625279566003769,0,1140850688,3,1625279565994561,0,0,0,0,1625279566003767
3,44,0,1,1625279565999135,1625279566003731,2,1140850688,2,0,1625279565999150,0,0,1625279566003729,0
3,45,0,0,1625279565999137,1625279566008098,0,1140850688,3,1625279565999143,0,0,0,0,1625279566008096
3,46,0,1,1625279566003773,1625279566008073,2,1140850688,2,0,1625279566003774,0,0,1625279566008071,0
3,47,0,0,1625279566008079,1625279566009890,0,1140850688,3,1625279566008087,0,0,0,0,1625279566009888
3,48,0,1,1625279566009928,1625279566014613,2,1140850688,2,0,1625279566009944,0,0,1625279566014611,0
3,49,0,0,1625279566009929,1625279566019232,0,1140850688,3,1625279566009938,0,0,0,0,1625279566019230
3,50,0,1,1625279566014618,1625279566019194,2,1140850688,2,0,1625279566014632,0,0,1625279566019191,0
3,51,0,0,1625279566014620,1625279566023492,0,1140850688,3,1625279566014626,0,0,0,0,1625279566023490
3,52,0,1,1625279566019235,1625279566023451,2,1140850688,2,0,1625279566019236,0,0,1625279566023449,0
3,53,0,0,1625279566023456,1625279566025187,0,1140850688,3,1625279566023481,0,0,0,0,1625279566025186
3,54,0,1,1625279566025286,1625279566029882,2,1140850688,2,0,1625279566025320,0,0,1625279566029863,0
3,55,0,0,1625279566025287,1625279566034430,0,1140850688,3,1625279566025313,0,0,0,0,1625279566034429
3,56,0,1,1625279566029886,1625279566034393,2,1140850688,2,0,1625279566029903,0,0,1625279566034391,0
3,57,0,0,1625279566029888,1625279566038642,0,1140850688,3,1625279566029896,0,0,0,0,1625279566038641
3,58,0,1,1625279566034435,1625279566038602,2,1140850688,2,0,1625279566034436,0,0,1625279566038600,0
3,59,0,0,1625279566038606,1625279566040365,0,1140850688,3,1625279566038632,0,0,0,0,1625279566040364
3,60,0,1,1625279566040432,1625279566045157,2,1140850688,2,0,1625279566040464,0,0,1625279566045155,0
3,61,0,0,1625279566040433,1625279566049715,0,1140850688,3,1625279566040457,0,0,0,0,1625279566049714
3,62,0,1,1625279566045162,1625279566049677,2,1140850688,2,0,1625279566045177,0,0,1625279566049674,0
3,63,0,0,1625279566045164,1625279566053975,0,1140850688,3,1625279566045171,0,0,0,0,1625279566053973
3,64,0,1,1625279566049719,1625279566053931,2,1140850688,2,0,1625279566049720,0,0,1625279566053929,0
3,65,0,0,1625279566053953,1625279566055726,0,1140850688,3,1625279566053964,0,0,0,0,1625279566055725
